100118
100893
102308
103848
105291
106661
107136
107636
108410
112629
113295
113410
116650
116859
117163
117426
117430
117544
119351
120393
121426
122109
124229
124803
125793
127913
129274
133389
133892
135193
135585
138050
138198
139628
140550
140782
141080
141457
141687
146082
149219
150368
154925
155292
158604
158694
158972
162365
163021
165132
165168
166097
169595
173249
174712
174716
174876
175103
175369
175634
176320
176530
177098
177229
180635
182075
185725
187901
188539
188919
189109
189373
189624
190042
192304
193094
193662
193865
194352
194663
195256
196355
197613
200620
200859
201521
202719
202868
203303
203726
204052
205207
206175
207655
209679
210867
212101
212957
213062
213303
214191
215160
217284
217585
218957
219480
220242
221478
223878
224742
225560
225818
225922
227834
228463
229127
231017
231189
231504
231691
232473
232969
238937
239016
239247
240181
240248
244700
247059
249370
249748
252058
254322
255156
257447
260309
261736
262387
263592
267758
267802
272662
274150
275003
276154
276964
277334
277556
278406
278469
278972
279908
279999
280996
281282
285231
285837
286387
287124
288090
289533
290112
290179
290623
292380
293940
294352
299663
303112
303401
304092
305019
305212
306162
308063
309562
310189
310196
310870
311939
312848
313916
317199
318376
318972
320906
326460
326707
326811
328437
331097
334336
334557
335625
336675
337143
339844
341293
341407
342129
346763
346990
351417
354056
355804
356028
357034
357168
359654
359917
361267
363115
363853
365589
368073
376323
376672
376801
377876
379429
379567
380495
382972
383125
383412
387001
387930
387960
390682
390707
393739
393915
398377
402674
403716
404123
406316
407051
409190
409909
411299
415812
416550
417031
417070
417995
419012
419943
420193
420206
421728
422282
424315
427976
430115
430322
430369
430705
432366
432913
433333
433867
435057
437509
438683
438941
439762
440074
440508
440875
441565
442889
443092
443863
447835
450466
451753
452906
453259
455553
456391
458135
458736
459506
459909
462957
463457
463542
466208
470001
470540
471187
471801
473321
473636
473831
474343
475677
476714
477255
477571
478133
480214
482734
484420
485703
486119
487800
491818
492147
493931
494836
494987
495012
497165
497536
498904
500187
500429
501113
501137
501234
501600
501777
505176
508640
508911
509590
509785
509961
510897
511644
511736
514130
517856
519432
522300
523800
526430
528519
529875
530566
531775
532199
532500
533586
534022
535985
537223
537760
537790
540380
540441
542647
543245
544307
544623
545954
546850
549400
549813
550737
552214
552280
556465
556635
561086
561389
561754
561904
562395
563414
564199
564694
565271
567666
567711
568694
568900
570828
571980
572646
575064
576381
576433
577552
578362
579857
580433
582846
583599
586246
586363
589181
590294
591101
593366
593887
596173
597711
598091
601282
601784
602499
602617
603257
604011
605438
606374
606704
607339
608628
609130
609614
610261
610855
612598
615564
617017
621030
623039
623259
624272
624720
625316
628336
631367
632924
633292
633960
634469
637936
638163
638223
638800
640687
645584
646381
647168
647391
649404
650692
651187
655142
659182
659254
659485
659623
660038
660220
661873
661976
662403
665699
667725
668087
668100
668684
669377
669980
670509
671345
671632
671951
672060
672231
672674
675918
676198
676253
676882
677680
679370
684276
684548
684841
687341
687400
688148
689173
689390
689907
691540
691553
692111
692592
693031
693350
693694
694290
694454
694834
696544
697850
698508
698925
701015
701310
703568
703711
703749
703960
705551
705594
707408
708165
708316
708578
709430
709829
710494
711579
712684
712948
713713
714223
719200
725339
726302
728074
731024
731527
731915
736423
736539
736624
736702
741546
742843
746292
746635
746736
747667
748521
750214
750334
750544
750917
751017
751106
751773
757008
757777
760179
760336
760924
761007
763172
763250
766857
768743
770513
771386
772161
772397
773244
775488
776686
778010
778142
781064
782896
785273
785595
790855
791904
793110
793549
795175
797059
797312
797974
798080
798459
802523
805705
805853
806701
808419
809177
809396
812335
812961
813490
813924
814191
814272
814359
814957
815363
816232
819823
820860
822335
824725
827267
827294
828875
830468
830848
831720
834960
835433
837642
841336
841681
842167
842228
844688
844745
844857
845292
845668
848230
850808
851575
851826
853100
854687
856612
858905
859072
863329
865102
869433
869912
870361
871099
871350
871917
872529
874647
875764
876213
877939
878503
879595
880875
881395
882945
883974
884255
884408
885505
886828
889588
889613
889703
890592
891115
891385
893261
893419
894283
894307
894689
895118
898167
904575
913971
914073
915428
915533
919516
920220
920288
920305
921168
922018
924022
925394
925579
927632
927738
932706
933157
934364
935132
935227
937007
938679
938691
938891
940015
940850
944116
945933
947031
947268
951130
951400
953172
953479
955307
957203
958318
958809
961350
961608
967868
971259
971790
971913
973543
973947
974697
975798
976502
983402
985240
985355
987192
989627
990151
990620
990827
991186
992247
993000
994998
997734
998988
999752
