100118
100893
102308
103848
105291
106601
106661
107136
107636
108410
112629
113295
113410
116650
116859
117287
117426
117430
117544
117854
119351
120305
120393
121426
122109
124229
125793
126332
128987
129274
129488
129529
132940
133892
135193
135585
135609
138050
139628
139733
140550
140782
142736
146082
148346
149219
149816
150368
151330
154925
156520
158694
158972
160212
162365
163021
165132
165168
173249
173376
174712
174716
174876
175103
175335
175634
176320
176530
179055
182075
185725
187549
187901
188539
189373
189624
192304
193094
193662
194663
195256
196355
197250
197613
200620
200859
201521
201602
202719
202868
203303
203726
204052
205207
206175
207655
209679
210867
212101
212957
213062
213303
215160
217284
217585
218957
219480
219497
220242
221478
223878
224742
225560
225818
227834
228166
228463
229127
231017
231504
231691
232473
232969
233367
235757
236018
237928
238937
239016
239247
240048
244700
247059
247111
250645
252058
252990
254322
256786
257447
258777
260309
261736
262334
262387
264856
267758
272662
272882
274150
275003
276154
276543
276964
277334
277440
277556
277845
278406
278469
278972
279192
279908
279999
280996
285231
285837
286387
289533
290179
290623
292380
293940
294352
295316
299663
303112
303401
304092
304146
305212
306162
308063
310189
310196
310870
311939
313916
315076
315413
318376
318972
320906
325445
326460
326707
326811
328437
329735
331097
334336
334557
335625
336050
336675
337143
338796
339844
341067
341293
341407
342129
346763
347415
347672
348911
349082
349978
351417
354056
355804
356028
357034
357168
359654
359917
361267
363115
363853
365589
368850
372515
376323
376672
379429
380495
380522
382972
383125
383412
386801
387001
390682
393739
393915
394809
398377
398583
402674
404123
406028
406316
407051
408845
409190
409909
410893
411727
411924
411958
415812
416550
416910
417070
417995
419012
419943
420193
420206
421728
422225
422282
424315
424939
425542
426012
427976
428347
430115
430311
430322
430369
430640
430705
431669
432366
432913
433333
433668
433867
436127
437509
438683
438941
439762
439829
439933
440074
440508
440875
441565
442889
443092
443863
447766
447835
449812
450466
452906
453259
455553
455706
458135
459506
459909
462957
463457
463542
466208
467346
469168
470540
471187
471801
473072
473337
473636
474343
475677
476714
476995
477255
478133
480079
480214
481250
484420
485703
487800
488191
491818
492147
493931
494836
495012
497165
497536
498904
500187
500429
501137
501234
501600
501777
502221
503102
504928
505176
508640
508911
509590
509961
510096
510897
511644
511736
512586
512713
513209
514130
517856
518256
518799
519432
520808
522300
523800
524412
526430
528519
529875
530566
530685
532199
532500
533556
533586
534022
535985
537223
537790
540380
540441
542647
543215
543245
544138
544307
544623
545954
546850
549400
549813
550737
550942
552280
556465
561086
561389
561754
561786
561904
564199
564507
564694
564935
565271
566545
567666
567711
568649
568694
569680
570323
570828
572001
572646
574226
576381
577552
578362
579857
580653
582846
583599
586246
589181
590294
591101
593366
597711
598091
598681
600631
601282
601713
601784
602112
603257
604011
605159
605438
606374
606704
607072
607339
608628
609130
610855
615564
616467
617017
621030
623039
623259
624272
624720
625316
628336
629560
631367
632924
633566
633960
634469
637254
637936
638163
638223
638800
640687
645584
646381
647391
649404
651187
654577
656750
659182
659485
659623
659646
660038
660220
661976
662403
662567
663744
665699
666029
668087
668684
669377
669980
670509
671345
672060
672231
672674
673609
675918
676198
676882
679370
684276
684548
684841
684872
686131
687341
687400
688148
689173
689390
689907
691540
691553
692592
693350
693694
694290
694454
694834
696544
697476
697850
698508
701015
701310
703568
703711
703749
703960
704605
705551
705594
707408
708316
708578
709430
709829
709834
710494
711579
712634
712684
712948
713713
715352
716348
719200
722535
722900
725339
726302
728074
731024
731304
731405
731527
731915
735609
736044
736264
736423
736539
736624
736702
739948
741546
741757
742650
742843
746635
746736
747667
748521
750214
750334
750544
750917
751017
751106
753419
757008
757777
760179
760336
760611
760924
763250
766857
768277
768743
770513
771220
771386
772161
772397
773244
775488
776686
778010
778142
782896
785595
790092
790855
793110
795175
795618
796821
797060
797188
797312
797974
798080
798459
802523
805705
805853
807773
808419
809177
809396
812335
812961
813490
813924
814191
814272
814957
815363
815628
816232
816879
818828
819823
820614
820860
820878
822335
824725
826540
827267
828875
829296
831720
834640
835433
837642
840137
841336
842228
844745
845292
845668
848230
850808
851575
851826
852651
853100
854687
856052
856104
856612
859072
860313
860885
861670
862014
863329
868001
869196
869433
869912
871099
871350
871418
871917
872529
874647
875764
875991
876213
879595
880875
881395
882945
883358
884255
884408
885505
886828
889588
889613
889703
890564
890592
891115
893261
893419
894283
894307
894545
894689
895118
898167
900672
911719
913971
914073
915428
915533
917364
918500
919307
919516
919809
920220
920288
920305
920397
921168
922018
922406
924022
924644
925394
925579
927738
932528
932706
933157
934364
934688
935132
935227
937007
938381
938679
938691
938928
939117
939468
940015
940850
944116
945933
947031
949054
951130
953479
954761
955307
955947
957203
957383
958318
958809
959152
961350
961473
961608
962903
963799
967390
967868
971311
971790
971913
974463
974697
975796
975798
975839
976553
980183
983402
985240
985355
986092
987192
987752
989627
990151
990827
991186
993000
994998
996271
997734
998988
999752
999875
