417031
403716
781064
830468
647168
175369
317199
883974
133389
377876
312848
858905
231189
249370
141080
814359
267802
552214
806701
698925
693031
655142
763172
194352
844857
240181
390707
531775
677680
659254
309562
746292
865102
290112
571980
609614
667725
947268
193865
568900
177229
708165
575064
556635
190042
580433
953172
288090
509785
387930
951400
346990
791904
785273
904575
586363
141687
973947
435057
976502
169595
240248
661873
387960
501113
877939
305019
225922
124803
477571
692111
938891
602499
494987
830848
158604
797059
287124
827294
141457
990620
751773
249748
676253
180635
671632
834960
844688
155292
927632
761007
411299
127913
537760
482734
117163
379567
878503
214191
263592
451753
189109
255156
576433
842167
456391
793549
596173
633292
671951
281282
177098
368073
650692
668100
166097
562395
138198
870361
593887
610261
841681
563414
473831
486119
376801
714223
973543
473321
602617
891385
188919
971259
458736
470001
992247
612598
