971790
728074
705551
668684
837642
303112
509961
365589
501777
659485
577552
676882
694290
232473
757777
135193
532500
688148
565271
689173
886828
937007
430115
546850
398377
277556
293940
705594
822335
869433
326707
987192
305212
522300
477255
915533
415812
598091
484420
675918
213062
961608
772161
220242
231504
514130
632924
526430
760924
624720
533586
703568
872529
419943
633960
853100
607339
814191
816232
194663
665699
462957
228463
693350
863329
603257
342129
107636
202868
773244
188539
116859
898167
215160
193662
746635
459909
895118
615564
212101
698508
971913
285837
953479
530566
528519
383125
471187
985240
200859
747667
252058
874647
326811
741546
106661
545954
736423
659623
606374
785595
967868
433333
649404
537790
582846
189624
440508
351417
694454
176320
419012
173249
217284
601282
814272
417995
163021
709829
935132
703711
809177
260309
647391
638163
441565
498904
474343
359654
646381
689390
831720
561389
880875
891115
687341
432366
696544
572646
337143
494836
402674
430322
591101
262387
605438
875764
129274
746736
122109
158972
684276
712948
437509
140550
985355
638223
231691
882945
165132
519432
703749
815363
247059
736539
272662
726302
669980
204052
579857
797974
225560
757008
687400
812335
221478
772397
430369
466208
341293
417070
933157
452906
303401
491818
154925
771386
165168
409909
213303
935227
672060
485703
893261
124229
894283
999752
363853
775488
790855
750917
552280
725339
958809
238937
219480
206175
331097
447835
691540
505176
279908
983402
420193
420206
997734
719200
848230
691553
493931
676198
139628
894307
254322
589181
760179
924022
763250
567666
692592
736624
424315
608628
568694
185725
487800
290179
422282
731527
798080
320906
176530
458135
205207
501137
567711
824725
341407
438683
280996
751017
135585
495012
257447
103848
239016
922018
742843
383412
693694
989627
736702
623039
278972
809396
535985
556465
279999
668087
813490
679370
570828
828875
443863
661976
703960
934364
294352
439762
355804
645584
770513
529875
500187
564694
590294
593366
276964
845292
871917
224742
776686
893419
359917
267758
140782
672231
621030
808419
697850
217585
501234
318972
842228
227834
606704
187901
334336
543245
376323
751106
232969
497165
470540
393739
407051
534022
586246
684548
442889
175634
549400
884255
869912
292380
225818
475677
793110
760336
100893
390682
523800
379429
473636
203303
856612
285231
795175
440875
476714
610855
617017
119351
313916
694834
544307
782896
913971
162365
275003
998988
193094
120393
380495
660038
631367
310870
561754
121426
701015
921168
409190
819823
990827
463457
231017
261736
634469
363115
820860
492147
841336
430705
628336
174712
671345
851575
174716
107136
223878
311939
299663
239247
797312
453259
750214
113295
346763
537223
509590
623259
854687
920220
914073
624272
438941
511644
404123
146082
640687
625316
357034
463542
601784
117426
884408
871099
117430
286387
876213
356028
938679
994998
195256
393915
276154
597711
500429
669377
433867
938691
443092
540380
708316
802523
334557
925394
149219
274150
659182
508640
517856
993000
768743
894689
890592
920288
532199
328437
459506
750334
660220
798459
561904
289533
689907
889588
471801
881395
511736
920305
731915
889613
196355
113410
945933
229127
133892
209679
335625
440074
885505
354056
540441
778010
100118
432913
957203
174876
416550
684841
207655
336675
670509
117544
406316
192304
201521
578362
357168
361267
326460
182075
290623
709430
940850
138050
805705
961350
105291
218957
277334
710494
951130
550737
638800
947031
707408
308063
125793
958318
814957
150368
604011
609130
376672
835433
421728
501600
544623
974697
813924
845668
889703
932706
701310
850808
576381
108410
851826
339844
278406
766857
925579
455553
497536
662403
827267
711579
778142
731024
450466
102308
955307
583599
672674
310189
116650
318376
812961
200620
210867
310196
478133
510897
561086
975798
651187
871350
387001
549813
189373
542647
278469
844745
990151
203726
859072
427976
480214
805853
919516
304092
750544
202719
991186
212957
244700
940015
748521
158694
712684
879595
508911
708578
915428
197613
564199
112629
927738
306162
382972
637936
944116
713713
175103
