329735
647168
602112
315413
550942
426012
616467
856104
686131
276543
667725
411727
704605
106601
524412
518256
141457
860313
751773
510096
796821
731304
659646
336050
469168
262334
596173
671951
663744
166097
368850
563414
430311
473321
235757
530685
473337
612598
403716
731405
133389
919809
411924
768277
411958
149816
428347
309562
637254
422225
569680
962903
219497
911719
237928
735609
141687
741757
661873
938381
477571
954761
797060
602499
797059
287124
295316
467346
676253
180635
666029
117163
240048
842167
135609
633292
840137
502221
999875
668100
129488
160212
139733
543215
602617
236018
891385
188919
971259
272882
129529
815628
797188
406028
971311
117287
698925
240181
430640
600631
571980
512586
715352
739948
987752
572001
520808
561786
586363
240248
225922
197250
518799
598681
883358
264856
279192
852651
379567
189109
932528
959152
281282
512713
967390
633566
860885
258777
473831
486119
973543
348911
488191
781064
256786
858905
250645
574226
736044
760611
922406
693031
934688
949054
629560
746292
869196
684872
865102
920397
228166
480079
807773
580433
953172
387930
338796
607072
156520
346990
179055
785273
435057
148346
387960
201602
938891
158604
844688
349082
996271
127913
576433
975796
938928
793549
277440
177098
957383
961473
975839
138198
570323
986092
918500
924644
424939
605159
795618
470001
871418
992247
736264
830468
377876
304146
455706
580653
662567
844857
533556
252990
947268
341067
177229
834640
117854
939117
951400
504928
973947
416910
697476
187549
771220
826540
761007
537760
214191
451753
255156
513209
709834
562395
963799
980183
175335
398583
742650
654577
417031
175369
883974
408845
410893
447766
347415
449812
564507
566545
814359
552214
763172
531775
503102
568649
173376
290112
247111
609614
193865
277845
288090
656750
791904
904575
126332
501113
877939
544138
820614
494987
830848
142736
990620
834960
482734
263592
939468
368073
650692
875991
714223
861670
120305
433668
439829
312848
249370
347672
267802
955947
431669
390707
716348
394809
425542
790092
568900
900672
708165
575064
556635
190042
894545
722535
380522
974463
976502
601713
169595
439933
818828
820878
155292
411299
976553
868001
315076
456391
890564
564935
816879
386801
753419
919307
317199
231189
141080
349978
151330
806701
372515
655142
194352
862014
677680
659254
325445
673609
476995
132940
509785
917364
829296
305019
124803
692111
827294
233367
249748
436127
671632
927632
878503
712634
870361
593887
128987
610261
841681
722900
376801
481250
458736
473072
856052
