329735
837642
647168
602112
303112
509961
315413
501777
550942
659485
577552
694290
757777
426012
616467
135193
532500
688148
565271
886828
430115
856104
546850
987192
305212
686131
522300
276543
477255
915533
415812
598091
675918
213062
667725
411727
772161
231504
514130
632924
526430
704605
624720
872529
419943
194663
106601
665699
462957
342129
524412
202868
518256
188539
116859
215160
895118
698508
530566
528519
383125
141457
471187
860313
751773
985240
510096
200859
747667
252058
796821
874647
741546
731304
106661
659623
606374
659646
649404
336050
469168
440508
262334
694454
176320
596173
671951
217284
663744
417995
166097
809177
260309
647391
368850
563414
430311
831720
561389
880875
891115
432366
696544
473321
235757
430322
530685
262387
129274
684276
712948
473337
612598
403716
985355
731405
231691
882945
133389
815363
919809
272662
411924
669980
579857
225560
768277
221478
772397
430369
452906
303401
491818
411958
409909
213303
672060
149816
428347
309562
485703
893261
999752
790855
637254
725339
958809
422225
569680
962903
219480
983402
420193
420206
997734
719200
848230
219497
911719
237928
493931
676198
139628
254322
735609
141687
741757
760179
924022
567666
692592
661873
424315
608628
487800
938381
477571
954761
797060
602499
422282
731527
797059
176530
287124
295316
205207
467346
567711
676253
180635
438683
280996
135585
666029
117163
922018
383412
240048
989627
623039
278972
809396
842167
135609
668087
813490
633292
840137
502221
999875
668100
129488
661976
934364
160212
139733
645584
770513
500187
590294
276964
776686
893419
543215
672231
621030
602617
236018
217585
891385
188919
971259
272882
842228
129529
227834
606704
815628
334336
543245
797188
406028
393739
586246
684548
442889
549400
225818
475677
793110
760336
100893
379429
971311
473636
203303
117287
698925
856612
285231
795175
440875
610855
617017
119351
240181
430640
313916
694834
782896
913971
600631
162365
275003
193094
571980
660038
512586
631367
561754
715352
121426
701015
819823
463457
739948
987752
572001
363115
520808
561786
586363
492147
430705
174712
240248
174716
107136
225922
197250
223878
311939
518799
299663
797312
453259
750214
113295
346763
537223
598681
623259
854687
920220
883358
914073
438941
264856
279192
404123
146082
852651
379567
625316
357034
463542
117426
871099
117430
189109
938679
195256
393915
932528
959152
281282
500429
938691
512713
967390
443092
633566
334557
860885
258777
473831
486119
508640
973543
348911
768743
920288
328437
459506
750334
660220
561904
488191
289533
889588
471801
881395
920305
731915
889613
113410
781064
133892
209679
885505
256786
858905
250645
432913
574226
957203
174876
416550
684841
207655
336675
670509
736044
760611
922406
117544
406316
693031
934688
949054
629560
201521
578362
357168
361267
326460
709430
940850
746292
138050
869196
684872
865102
920397
805705
228166
961350
480079
105291
807773
277334
951130
580433
947031
707408
953172
308063
387930
125793
150368
609130
813924
338796
607072
889703
156520
346990
932706
179055
785273
701310
850808
576381
435057
148346
387960
201602
766857
938891
455553
662403
158604
711579
844688
349082
996271
955307
127913
672674
310189
318376
310196
478133
510897
975798
576433
975796
871350
549813
938928
189373
793549
277440
844745
177098
990151
957383
203726
859072
961473
480214
805853
975839
138198
304092
750544
570323
244700
748521
986092
158694
879595
508911
918500
924644
424939
197613
605159
795618
564199
306162
470001
871418
992247
637936
713713
175103
971790
728074
736264
705551
668684
830468
365589
377876
304146
676882
232473
455706
689173
937007
580653
662567
398377
277556
293940
705594
822335
869433
844857
326707
533556
252990
484420
961608
947268
341067
177229
220242
760924
533586
703568
834640
117854
633960
853100
607339
814191
939117
816232
951400
504928
228463
693350
863329
603257
107636
973947
773244
898167
193662
746635
459909
615564
212101
971913
416910
285837
953479
697476
326811
187549
771220
826540
761007
537760
545954
214191
736423
451753
785595
967868
433333
537790
582846
255156
189624
351417
513209
709834
419012
173249
601282
814272
163021
709829
935132
562395
703711
963799
980183
638163
441565
498904
474343
359654
646381
689390
175335
687341
572646
398583
742650
337143
494836
402674
591101
605438
654577
875764
746736
122109
158972
417031
437509
140550
638223
175369
883974
408845
410893
165132
519432
703749
247059
736539
447766
347415
449812
564507
726302
204052
566545
797974
757008
814359
552214
687400
812335
466208
341293
417070
933157
154925
763172
771386
165168
935227
531775
503102
568649
173376
124229
290112
247111
894283
609614
363853
193865
775488
750917
552280
277845
238937
206175
331097
447835
288090
691540
505176
279908
656750
691553
791904
894307
904575
589181
763250
736624
126332
501113
568694
877939
185725
544138
290179
820614
494987
798080
830848
320906
458135
142736
990620
501137
824725
341407
834960
751017
495012
257447
103848
482734
239016
263592
742843
693694
736702
535985
556465
279999
679370
939468
570828
828875
368073
650692
443863
703960
294352
439762
355804
875991
529875
564694
593366
845292
871917
224742
714223
359917
267758
861670
140782
808419
697850
120305
501234
318972
187901
433668
376323
751106
232969
497165
470540
407051
534022
175634
884255
439829
312848
869912
292380
249370
347672
267802
390682
523800
955947
476714
431669
390707
716348
544307
394809
425542
790092
998988
120393
380495
568900
900672
708165
575064
310870
556635
190042
894545
921168
409190
990827
231017
261736
634469
722535
380522
820860
974463
841336
976502
601713
169595
628336
671345
851575
439933
818828
820878
239247
509590
624272
511644
155292
411299
640687
976553
868001
601784
884408
286387
876213
356028
994998
276154
315076
456391
597711
890564
669377
433867
564935
540380
708316
802523
925394
149219
274150
816879
659182
517856
993000
894689
890592
532199
386801
798459
689907
511736
753419
196355
945933
229127
919307
317199
335625
440074
354056
540441
778010
231189
100118
141080
349978
151330
806701
372515
655142
192304
194352
862014
182075
677680
290623
659254
325445
673609
476995
218957
132940
710494
550737
638800
509785
958318
814957
604011
376672
835433
421728
501600
544623
974697
845668
917364
108410
829296
851826
305019
339844
124803
278406
692111
925579
497536
827267
827294
233367
778142
249748
436127
671632
731024
927632
450466
102308
583599
878503
116650
812961
200620
210867
712634
561086
651187
387001
542647
278469
427976
919516
870361
593887
128987
202719
610261
841681
991186
212957
722900
940015
376801
481250
712684
708578
915428
112629
927738
458736
473072
382972
856052
944116
